0.000000000000000000e+00 1.121667807565756192e+02 2.942705120357883288e+02 4.330383523107483938e+02 4.909296245855656480e+02 4.801690771081901516e+02 4.751762346776862955e+02 5.164455156293423670e+02 5.000510182751244201e+02 4.960400679083593900e+02 5.143062348600634550e+02 5.711099387384899728e+02 6.271007150085532658e+02 6.522612901118120590e+02 5.894986593393805379e+02 7.157046007081897869e+02 7.395041907196114153e+02 7.523796012213246058e+02 7.566832255228456461e+02 8.690493771837950590e+02 9.324433505083319460e+02 9.302902175984607993e+02 8.393890283267284076e+02 8.676676490011732312e+02 8.278126496926934124e+02 9.221948355340439321e+02 9.569817394077180097e+02 9.934990746340999976e+02 1.029908548701711879e+03 9.914038488117698762e+02 9.403331104489501513e+02 1.008524950191839253e+03 1.023806925219314508e+03 1.073869371714525869e+03 1.143589926188378968e+03 1.100688958978843402e+03 1.121979875078542591e+03 1.165742305738222285e+03 1.181734544538941236e+03 1.194627069910192631e+03 1.218595404217818668e+03 1.400600095546439434e+03 1.511612388528588781e+03 1.504148490973190974e+03 1.614883524528851922e+03 1.748572425052424933e+03 1.869718384121500321e+03 2.024323619056387543e+03 2.047378488253276146e+03 2.066973314169119476e+03 2.080425338809195182e+03 2.192201084293052190e+03 2.437022936721998121e+03
1.121667807565756192e+02 0.000000000000000000e+00 1.823765658117910959e+02 3.228926192811493934e+02 3.835894697430332485e+02 3.768410562124826697e+02 3.783262299923506475e+02 4.094159177424248242e+02 3.918619578480775658e+02 3.871982089401904545e+02 4.064846944564575324e+02 4.617690193263756555e+02 5.161867380589472987e+02 5.411600266495446476e+02 4.819191449322406129e+02 6.045355453093977758e+02 6.282247474382153314e+02 6.410517640675816438e+02 6.458418616830161909e+02 7.599403959844464680e+02 8.231405305936506238e+02 8.196836326165032460e+02 7.281454534898126667e+02 7.563598353776267231e+02 7.166119246843062456e+02 8.109292836252470806e+02 8.477733480787209146e+02 8.853312291177301177e+02 9.195991900844422844e+02 8.800076705939903832e+02 8.289358771234534515e+02 8.968293679798218818e+02 9.124760685976146988e+02 9.634564845276084952e+02 1.035979185146052032e+03 9.907527973201599707e+02 1.012958067440645777e+03 1.057090312160142275e+03 1.073875139616517799e+03 1.087130599750009196e+03 1.113553227984488331e+03 1.296147171422603378e+03 1.405276330703594112e+03 1.398153917823831307e+03 1.507700867530222695e+03 1.640977332738989844e+03 1.761645857411389443e+03 1.916967360863387285e+03 1.940359758697565212e+03 1.959723958692829228e+03 1.973266204034255907e+03 2.088652746597753321e+03 2.337167765908461206e+03
2.942705120357883288e+02 1.823765658117910959e+02 0.000000000000000000e+00 1.591400963925652263e+02 2.297869420643569924e+02 2.398982173889937428e+02 2.641194431434688568e+02 2.553360358481145624e+02 2.338273211239097122e+02 2.264444855793627482e+02 2.492641157409410937e+02 2.960573353938503942e+02 3.427054366941456465e+02 3.665854876744594435e+02 3.225889923757039810e+02 4.292055721709295995e+02 4.522855740497863053e+02 4.648403878654966093e+02 4.716202652345002093e+02 5.910582766124763339e+02 6.532558184708373119e+02 6.455289252864404261e+02 5.519418021023089977e+02 5.798066541847135795e+02 5.406220882294683179e+02 6.343921380256401790e+02 6.780528516117173012e+02 7.185254350111654276e+02 7.461133979230787645e+02 7.028094560093200016e+02 6.518380858302853085e+02 7.183790942212756363e+02 7.354682864824152375e+02 7.895122495385717230e+02 8.699898950286236641e+02 8.182352403822474116e+02 8.430955679607111506e+02 8.881318904520275055e+02 9.070519970435858568e+02 9.212385006377995751e+02 9.539268134550275136e+02 1.137163087638573870e+03 1.241345067598787409e+03 1.235081291079919083e+03 1.341442055027601782e+03 1.473463673913850698e+03 1.592784629304371265e+03 1.749668887646649864e+03 1.773839260159175410e+03 1.792632834934562879e+03 1.806374736143183100e+03 1.929857565786333453e+03 2.185938771709028515e+03
4.330383523107483938e+02 3.228926192811493934e+02 1.591400963925652263e+02 0.000000000000000000e+00 7.267338270066801442e+01 9.750486211846165929e+01 1.427136090039711576e+02 9.718470531995676254e+01 7.487877195047747136e+01 6.732074821305381818e+01 9.031824341530420952e+01 1.393592399252482608e+02 1.946175020226065726e+02 2.201622923877246194e+02 1.636194488050330165e+02 2.835941910257583913e+02 3.076580148985983669e+02 3.206575633842498405e+02 3.238838242053403746e+02 4.372994694975452035e+02 5.003612916472568486e+02 4.972726000306440710e+02 4.072248686331753333e+02 4.356314046124297761e+02 3.955600985224091914e+02 4.899766706518352635e+02 5.250332369076403438e+02 5.634591520534389701e+02 5.968957778279527702e+02 5.594549829328043415e+02 5.084518869294522005e+02 5.777454096792229166e+02 5.916483309385832854e+02 6.408363088886017067e+02 7.145901274181361487e+02 6.678836049012020339e+02 6.902700184675019273e+02 7.346304479644062440e+02 7.521536063546350306e+02 7.658247208329886462e+02 7.960711539467459943e+02 9.792519240803696903e+02 1.085167413289100523e+03 1.078542959899047446e+03 1.186437102715168066e+03 1.319217257949632312e+03 1.439430395304445483e+03 1.595357047275467721e+03 1.619092385590222193e+03 1.638209040632186998e+03 1.651839998956080080e+03 1.772151265778821198e+03 2.027012528019761021e+03
4.909296245855656480e+02 3.835894697430332485e+02 2.297869420643569924e+02 7.267338270066801442e+01 0.000000000000000000e+00 4.599312626978640139e+01 1.007429683216109169e+02 2.602883391050320583e+01 1.479217966762081105e+01 2.236044166443749504e+01 2.411501097606003441e+01 8.572505409519067143e+01 1.524124635206817402e+02 1.781186503787255049e+02 9.856943254484113481e+01 2.388599104026154976e+02 2.630738580766134191e+02 2.760915700457082380e+02 2.751414311113007898e+02 3.790464953820939513e+02 4.426362738699102692e+02 4.447697671206939845e+02 3.597590829061105637e+02 3.881709375900165355e+02 3.479804401662311193e+02 4.414256303363503662e+02 4.669700429568403592e+02 5.025912115563876341e+02 5.425096314957438608e+02 5.110605040473233771e+02 4.606356772498638747e+02 5.315928820571048163e+02 5.425035856953677467e+02 5.867006483009955673e+02 6.527291011928085709e+02 6.119038296019691643e+02 6.315480541726283263e+02 6.749882306752468821e+02 6.908178011191233736e+02 7.038135111376361692e+02 7.304589583346444215e+02 9.133504295674390505e+02 1.021687822675148027e+03 1.014600827817025447e+03 1.124263808752616342e+03 1.257755301213162738e+03 1.378793562275706336e+03 1.533624410830711213e+03 1.556883017018715691e+03 1.576333679339510809e+03 1.589839685586008272e+03 1.706212263463917907e+03 1.958622401364281359e+03
4.801690771081901516e+02 3.768410562124826697e+02 2.398982173889937428e+02 9.750486211846165929e+01 4.599312626978640139e+01 0.000000000000000000e+00 5.477164348541313643e+01 5.458091494792694931e+01 6.001977621070156488e+01 6.831309299705957017e+01 6.188383253066538714e+01 1.199184123756844826e+02 1.884909290850853552e+02 2.132828596882216345e+02 1.199177420014004412e+02 2.708274719148629401e+02 2.946212112226556883e+02 3.074073038674702616e+02 3.037832161531504767e+02 3.981920852181257828e+02 4.616730445538465801e+02 4.684476048642511614e+02 3.880097402761746821e+02 4.161139540444165732e+02 3.762963452291777458e+02 4.681232121622567206e+02 4.854702563984080825e+02 5.178366958115835814e+02 5.639249152304006429e+02 5.373703571102331580e+02 4.876979002019438667e+02 5.593207744587361958e+02 5.680867405726496600e+02 6.080931317823916515e+02 6.660212199881854076e+02 6.315290808486794276e+02 6.484104229615894610e+02 6.907025572853455060e+02 7.045807716094029729e+02 7.167303647613912290e+02 7.384618045555847630e+02 9.204481814406286730e+02 1.031987748844733233e+03 1.024303780551607588e+03 1.136038550441664029e+03 1.270201238377394247e+03 1.392051848437168928e+03 1.545490801241956888e+03 1.568163608428071711e+03 1.587998858765551631e+03 1.601346362702495753e+03 1.712373734259415187e+03 1.960517415709277657e+03
4.751762346776862955e+02 3.783262299923506475e+02 2.641194431434688568e+02 1.427136090039711576e+02 1.007429683216109169e+02 5.477164348541313643e+01 0.000000000000000000e+00 1.054309878547521748e+02 1.145450565755034376e+02 1.230799363921799170e+02 1.145262512262815449e+02 1.672033417924315302e+02 2.349469601419182254e+02 2.584738472588012428e+02 1.581575674217372409e+02 3.121131454950708530e+02 3.351496111210615823e+02 3.475356887913314381e+02 3.413138568378489595e+02 4.244528331753824659e+02 4.870871926300161476e+02 4.988911790996606896e+02 4.240902119968338297e+02 4.516023887745859042e+02 4.125664070945294952e+02 5.018470910954260376e+02 5.100615910137746027e+02 5.384901954414161764e+02 5.911617471062461391e+02 5.702022940538511193e+02 5.216736999190250117e+02 5.935905838376187376e+02 5.999387305874023468e+02 6.350398684823841222e+02 6.834134474211598445e+02 6.563506822862387935e+02 6.699964610065743500e+02 7.107525143337236386e+02 7.223141776229091420e+02 7.334260821925429354e+02 7.493327448371028368e+02 9.295422476788187396e+02 1.044538973174320518e+03 1.036171715973184291e+03 1.150094115754659924e+03 1.284807616447221108e+03 1.407440048783608063e+03 1.559047191683597475e+03 1.581001236650861756e+03 1.601271263625319079e+03 1.614417034748996684e+03 1.718989398515503126e+03 1.961849366552523634e+03
5.164455156293423670e+02 4.094159177424248242e+02 2.553360358481145624e+02 9.718470531995676254e+01 2.602883391050320583e+01 5.458091494792694931e+01 1.054309878547521748e+02 0.000000000000000000e+00 2.371266070115233404e+01 3.423812303004309143e+01 1.153602238088909537e+01 6.581275073872211578e+01 1.342472331799154972e+02 1.593416814517307216e+02 7.329266564413390483e+01 2.182594429121117514e+02 2.422993121766330376e+02 2.552210421426441087e+02 2.530344508213760264e+02 3.542393850929288988e+02 4.178582367342421549e+02 4.211281867733831064e+02 3.376153391618062756e+02 3.659343693148423426e+02 3.258493086326966477e+02 4.187650253311928168e+02 4.421026327413362083e+02 4.772070707269998593e+02 5.183217136339588933e+02 4.883090982589101827e+02 4.381230912275822220e+02 5.093768946847778238e+02 5.195205206794566948e+02 5.625277625630629927e+02 6.271472339453048335e+02 5.873342490484288874e+02 6.064587769327836213e+02 6.497291104878181613e+02 6.652989847857032828e+02 6.782007205146118167e+02 7.044893227196109819e+02 8.873583987975446234e+02 9.958717024484903959e+02 9.887416888424065746e+02 1.098581666809770923e+03 1.232150179304517451e+03 1.353287409444331615e+03 1.507972283277079669e+03 1.531175216864275853e+03 1.550663172059520321e+03 1.564154305744052408e+03 1.680208413030671636e+03 1.932623935142568826e+03
5.000510182751244201e+02 3.918619578480775658e+02 2.338273211239097122e+02 7.487877195047747136e+01 1.479217966762081105e+01 6.001977621070156488e+01 1.145450565755034376e+02 2.371266070115233404e+01 0.000000000000000000e+00 1.102115377662887674e+01 1.544417042278148955e+01 7.331671714762416059e+01 1.388259558704550898e+02 1.646526931919044614e+02 9.031345337297949527e+01 2.259789882666997016e+02 2.502374717446617467e+02 2.632836730011833879e+02 2.629918582953454802e+02 3.691699140618605384e+02 4.326795223154913970e+02 4.335889424034820649e+02 3.475481778914564188e+02 3.759968373830216137e+02 3.357710140811183237e+02 4.294939018714898680e+02 4.571240454434409344e+02 4.935898219739482897e+02 5.318097359633699170e+02 4.991605012958840462e+02 4.485967757493621093e+02 5.193404028484915216e+02 5.307563489471475577e+02 5.759706003268049699e+02 6.441182359328566918e+02 6.016135286828072140e+02 6.219767710566242158e+02 6.656955593329585099e+02 6.820481403775669378e+02 6.952691403031020627e+02 7.232884747957765512e+02 9.063367445821013462e+02 1.013718979917502679e+03 1.006802394828364413e+03 1.115852755867233327e+03 1.249127104834858073e+03 1.369920493363513515e+03 1.525105467827523626e+03 1.548521553278606234e+03 1.567863719028039441e+03 1.581411342122421047e+03 1.699271378242203355e+03 1.952898966160656528e+03
4.960400679083593900e+02 3.871982089401904545e+02 2.264444855793627482e+02 6.732074821305381818e+01 2.236044166443749504e+01 6.831309299705957017e+01 1.230799363921799170e+02 3.423812303004309143e+01 1.102115377662887674e+01 0.000000000000000000e+00 2.450038189751253981e+01 7.539682219849190403e+01 1.383290974072606900e+02 1.642831446372890127e+02 9.638440156900686873e+01 2.264448203418202752e+02 2.507293091516876018e+02 2.637992107400306736e+02 2.644391144246358749e+02 3.730164903400757908e+02 4.364065686840031049e+02 4.360516012848955256e+02 3.488174193569761314e+02 3.772920765860842494e+02 3.370527833572775762e+02 4.310670750463421541e+02 4.609426460835256307e+02 4.981503455539992160e+02 5.347465649438099717e+02 5.007389558260501303e+02 4.500228483220645899e+02 5.204543703684166758e+02 5.325110954949487905e+02 5.788599220712087572e+02 6.489563657126700491e+02 6.049442524233234053e+02 6.259867738188985413e+02 6.699448324631050582e+02 6.867447153369553234e+02 7.001496674286998996e+02 7.292179810189599038e+02 9.123495214369033874e+02 1.019010290305566855e+03 1.012225725583746680e+03 1.120783249522297183e+03 1.253869004850628016e+03 1.374448956636892490e+03 1.529921503852599244e+03 1.553464745062324937e+03 1.572717880152293446e+03 1.586298822542408288e+03 1.705282357073834191e+03 1.959718030218177319e+03
5.143062348600634550e+02 4.064846944564575324e+02 2.492641157409410937e+02 9.031824341530420952e+01 2.411501097606003441e+01 6.188383253066538714e+01 1.145262512262815449e+02 1.153602238088909537e+01 1.544417042278148955e+01 2.450038189751253981e+01 0.000000000000000000e+00 6.192474940100726855e+01 1.293860567231466518e+02 1.549021822490464331e+02 7.544769869415242169e+01 2.151111140034714424e+02 2.392898260963092696e+02 2.522877587788109111e+02 2.510959212149811322e+02 3.552644691287694059e+02 4.188305112645425652e+02 4.206739688949238030e+02 3.357187532359917554e+02 3.641204282749054641e+02 3.239407380830591592e+02 4.173327298112776589e+02 4.432066909281090261e+02 4.792065791142671287e+02 5.184937129108755016e+02 4.869625287199577883e+02 4.365569672748921448e+02 5.075530400051569018e+02 5.183932205308698258e+02 5.626795208842905822e+02 6.295621943592267371e+02 5.879963903485897845e+02 6.079035655571509551e+02 6.514699287514046091e+02 6.675646564319021081e+02 6.806863502858210495e+02 7.082310740044063095e+02 8.912428169629345120e+02 9.989183764445931502e+02 9.919423328651598695e+02 1.101223690235936374e+03 1.234591977448684247e+03 1.355497903277509749e+03 1.510525810171011244e+03 1.533876782197185094e+03 1.553263745964081181e+03 1.566794168241242687e+03 1.684167454081780079e+03 1.937564145961948498e+03
5.711099387384899728e+02 4.617690193263756555e+02 2.960573353938503942e+02 1.393592399252482608e+02 8.572505409519067143e+01 1.199184123756844826e+02 1.672033417924315302e+02 6.581275073872211578e+01 7.331671714762416059e+01 7.539682219849190403e+01 6.192474940100726855e+01 0.000000000000000000e+00 6.857494045666796012e+01 9.352899228586970537e+01 3.771294206267682370e+01 1.531882437166574960e+02 1.773765247539088534e+02 1.903833043580110029e+02 1.896767104429933397e+02 2.981713786166772593e+02 3.614173736478049364e+02 3.606822301737788621e+02 2.742446026186814834e+02 3.026881136393207044e+02 2.624666418427757435e+02 3.561858978322118787e+02 3.860214681724423258e+02 4.240999124547309975e+02 4.593630873153165339e+02 4.258551958056603439e+02 3.752801103004234733e+02 4.460520857621335722e+02 4.574863749760552309e+02 5.034695715564726015e+02 5.752547125978798022e+02 5.296704613699520223e+02 5.511892071365227821e+02 5.953922361434374579e+02 6.127947577042480134e+02 6.264946477955141972e+02 6.578722600791668356e+02 8.411094781164931646e+02 9.460063674659747903e+02 9.394984840225125708e+02 1.047092331056521289e+03 1.179861103091921450e+03 1.300131816427521699e+03 1.455998129676874896e+03 1.479740881807873166e+03 1.498849925222358252e+03 1.512482233645391261e+03 1.633814642475802430e+03 1.890709749919189562e+03
6.271007150085532658e+02 5.161867380589472987e+02 3.427054366941456465e+02 1.946175020226065726e+02 1.524124635206817402e+02 1.884909290850853552e+02 2.349469601419182254e+02 1.342472331799154972e+02 1.388259558704550898e+02 1.383290974072606900e+02 1.293860567231466518e+02 6.857494045666796012e+01 0.000000000000000000e+00 2.596633952198376249e+01 8.361726240325646131e+01 8.902999165498188461e+01 1.131951248312658436e+02 1.262419493842663343e+02 1.296586118720021261e+02 2.495474813428822358e+02 3.109335428060516051e+02 3.036136130857906323e+02 2.126073836688458130e+02 2.410184551878716377e+02 2.009453258355819685e+02 2.953659957797385687e+02 3.357408186964096330e+02 3.777702301062575430e+02 4.038693307307453324e+02 3.648392896139268373e+02 3.138457262803237313e+02 3.834125470101623705e+02 3.970381465537607824e+02 4.475376236770097194e+02 5.291363182859591916e+02 4.756822065868350364e+02 5.005378102286420017e+02 5.457754079312729800e+02 5.655899445769740623e+02 5.802836406471888040e+02 6.181352795185166542e+02 8.008619373254456377e+02 9.008597887743111414e+02 8.951549376424408138e+02 9.996455509713339325e+02 1.131161384710389939e+03 1.250172604058499928e+03 1.407336268047463363e+03 1.431720933469481679e+03 1.450343206440160657e+03 1.464136133233747842e+03 1.591733313738688594e+03 1.853639018344166743e+03
6.522612901118120590e+02 5.411600266495446476e+02 3.665854876744594435e+02 2.201622923877246194e+02 1.781186503787255049e+02 2.132828596882216345e+02 2.584738472588012428e+02 1.593416814517307216e+02 1.646526931919044614e+02 1.642831446372890127e+02 1.549021822490464331e+02 9.352899228586970537e+01 2.596633952198376249e+01 0.000000000000000000e+00 1.035609442261191475e+02 6.347536427136961379e+01 8.749678880169679474e+01 1.005081633199408486e+02 1.050617846973231764e+02 2.277678554049895183e+02 2.882387524139957691e+02 2.790775237226121135e+02 1.871806974905159677e+02 2.155366375874992002e+02 1.755692053992915760e+02 2.699825424003274748e+02 3.130198541974371551e+02 3.561178621114295311e+02 3.795598197845460504e+02 3.393583705367116750e+02 2.883277786235246367e+02 3.576656814694914033e+02 3.716396846822488556e+02 4.230690940203534751e+02 5.072030209178947757e+02 4.516617692638661765e+02 4.773648328050097689e+02 5.228275531117899391e+02 5.432909298425392990e+02 5.582494955225030253e+02 5.979763661357553701e+02 7.803344133453840641e+02 8.788522932025828140e+02 8.733745160947624981e+02 9.769685310990627158e+02 1.108114436296453505e+03 1.226779907109412306e+03 1.384236142616537109e+03 1.408778813061000164e+03 1.427274491822887285e+03 1.441105551116012975e+03 1.570342666367276934e+03 1.833622409069252171e+03
5.894986593393805379e+02 4.819191449322406129e+02 3.225889923757039810e+02 1.636194488050330165e+02 9.856943254484113481e+01 1.199177420014004412e+02 1.581575674217372409e+02 7.329266564413390483e+01 9.031345337297949527e+01 9.638440156900686873e+01 7.544769869415242169e+01 3.771294206267682370e+01 8.361726240325646131e+01 1.035609442261191475e+02 0.000000000000000000e+00 1.539651020382232218e+02 1.770306551649501046e+02 1.894944102714033534e+02 1.843645426672861731e+02 2.810144781086921171e+02 3.446381945088118641e+02 3.490259093730180098e+02 2.682847627200566194e+02 2.963035028145122851e+02 2.566019348652512235e+02 3.482058076826132833e+02 3.688448758398811265e+02 4.040280457115648574e+02 4.455193802648061592e+02 4.174760337277988356e+02 3.677828333451344065e+02 4.394287347947482090e+02 4.482791277838372821e+02 4.897271291041977292e+02 5.541966395312299483e+02 5.142099230706866138e+02 5.331671867482745029e+02 5.764778085103703233e+02 5.922574523738663856e+02 6.053005594490549583e+02 6.330167059969513730e+02 8.160985365920528238e+02 9.234741054834971692e+02 9.165163145274884755e+02 1.025806608264706256e+03 1.159228624013865556e+03 1.280227737637729888e+03 1.435131753632419759e+03 1.458451279589476371e+03 1.477858395939603952e+03 1.491380310147529826e+03 1.609037810914904867e+03 1.863404307986861568e+03
7.157046007081897869e+02 6.045355453093977758e+02 4.292055721709295995e+02 2.835941910257583913e+02 2.388599104026154976e+02 2.708274719148629401e+02 3.121131454950708530e+02 2.182594429121117514e+02 2.259789882666997016e+02 2.264448203418202752e+02 2.151111140034714424e+02 1.531882437166574960e+02 8.902999165498188461e+01 6.347536427136961379e+01 1.539651020382232218e+02 0.000000000000000000e+00 2.428448881155522798e+01 3.735529277178687124e+01 4.340098040874372032e+01 1.709198427711590398e+02 2.287909196775154328e+02 2.163684246314323047e+02 1.237072467963920133e+02 1.520633510376676441e+02 1.121085968088860625e+02 2.065118818701527061e+02 2.533950184570096553e+02 2.984720520122243101e+02 3.170496342345855965e+02 2.758874319941299404e+02 2.248645591104885852e+02 2.944176765330145713e+02 3.081653260948613138e+02 3.603223258922849368e+02 4.485273677407062110e+02 3.894966213355615423e+02 4.165070990306614362e+02 4.622951442785433755e+02 4.838756732329895272e+02 4.992965521814738281e+02 5.425920211019501949e+02 7.239314631994811862e+02 8.196458736323045287e+02 8.145701702063450966e+02 9.165923176985921828e+02 1.047119807276651272e+03 1.165251782055432159e+03 1.323113388795823312e+03 1.347890269226927558e+03 1.366192826678762458e+03 1.380079110080290093e+03 1.511968320719174244e+03 1.777659093610002628e+03
7.395041907196114153e+02 6.282247474382153314e+02 4.522855740497863053e+02 3.076580148985983669e+02 2.630738580766134191e+02 2.946212112226556883e+02 3.351496111210615823e+02 2.422993121766330376e+02 2.502374717446617467e+02 2.507293091516876018e+02 2.392898260963092696e+02 1.773765247539088534e+02 1.131951248312658436e+02 8.749678880169679474e+01 1.770306551649501046e+02 2.428448881155522798e+01 0.000000000000000000e+00 1.307275031307378654e+01 2.598448158813295450e+01 1.533389174367091243e+02 2.088600156584597585e+02 1.937349065515129780e+02 9.992442186498236367e+01 1.281638061729046569e+02 8.844072617365914368e+01 1.827069201607730804e+02 2.332320880243256340e+02 2.794884803853224184e+02 2.944864509081675124e+02 2.519430719702407941e+02 2.008896324001460982e+02 2.702174572852214851e+02 2.843032926482501352e+02 3.375041972915865358e+02 4.285703059096670131e+02 3.671764847942160941e+02 3.951522212568111740e+02 4.411228464976739474e+02 4.634143719480555319e+02 4.791095678239848326e+02 5.244369893029356717e+02 7.050474166160486220e+02 7.991167029023509940e+02 7.942799512088361098e+02 8.953246087075641526e+02 1.025436174129368055e+03 1.143202000064831964e+03 1.301316405015138344e+03 1.326240573923908642e+03 1.344418647290277249e+03 1.358339124013119545e+03 1.491778531887928239e+03 1.758729094618899353e+03
7.523796012213246058e+02 6.410517640675816438e+02 4.648403878654966093e+02 3.206575633842498405e+02 2.760915700457082380e+02 3.074073038674702616e+02 3.475356887913314381e+02 2.552210421426441087e+02 2.632836730011833879e+02 2.637992107400306736e+02 2.522877587788109111e+02 1.903833043580110029e+02 1.262419493842663343e+02 1.005081633199408486e+02 1.894944102714033534e+02 3.735529277178687124e+01 1.307275031307378654e+01 0.000000000000000000e+00 2.237022912299902444e+01 1.444664020811009095e+02 1.983591331721475512e+02 1.816161254483735377e+02 8.716747296214239782e+01 1.153080744096128569e+02 7.578259696463770467e+01 1.698883930007575600e+02 2.225510674124211903e+02 2.694369977155367906e+02 2.823494153546975554e+02 2.390334653076445761e+02 1.879692299469371903e+02 2.571742404750662558e+02 2.714353859290067703e+02 3.252089157477345225e+02 4.178517652907631827e+02 3.551532563454229603e+02 3.836624844025485572e+02 4.297202090689125384e+02 4.524008570730176189e+02 4.682434988277999537e+02 5.146823169377925069e+02 6.948416664419733024e+02 7.880025427090293988e+02 7.832956935391360958e+02 8.838040352530862265e+02 1.013685869321213659e+03 1.131252879978605733e+03 1.289496233386545782e+03 1.314497549563502389e+03 1.332609375103823368e+03 1.346547544788230425e+03 1.480804871734852213e+03 1.748417310677885325e+03
7.566832255228456461e+02 6.458418616830161909e+02 4.716202652345002093e+02 3.238838242053403746e+02 2.751414311113007898e+02 3.037832161531504767e+02 3.413138568378489595e+02 2.530344508213760264e+02 2.629918582953454802e+02 2.644391144246358749e+02 2.510959212149811322e+02 1.896767104429933397e+02 1.296586118720021261e+02 1.050617846973231764e+02 1.843645426672861731e+02 4.340098040874372032e+01 2.598448158813295450e+01 2.237022912299902444e+01 0.000000000000000000e+00 1.282776628640303329e+02 1.854111173286756582e+02 1.740357329066522141e+02 8.462481421337170673e+01 1.130308526657842663e+02 7.284813069533238661e+01 1.666321537695686743e+02 2.099998879309038387e+02 2.553177134987780903e+02 2.745018267884421448e+02 2.363012203212297493e+02 1.856189295770443550e+02 2.564575565271353526e+02 2.681543881130999694e+02 3.180179330849889539e+02 4.051680789508549765e+02 3.466916547297633429e+02 3.732140110017807046e+02 4.189543464641423611e+02 4.404755916503712569e+02 4.559126218092855538e+02 4.998113772758632081e+02 6.808643800963575359e+02 7.762459050834308982e+02 7.711829759582576571e+02 8.732519899212503560e+02 1.003890544675869251e+03 1.122180023998544812e+03 1.279920713778652043e+03 1.304643142487773957e+03 1.322990381819790400e+03 1.336863409380708845e+03 1.468595982266125702e+03 1.734598049069890294e+03
8.690493771837950590e+02 7.599403959844464680e+02 5.910582766124763339e+02 4.372994694975452035e+02 3.790464953820939513e+02 3.981920852181257828e+02 4.244528331753824659e+02 3.542393850929288988e+02 3.691699140618605384e+02 3.730164903400757908e+02 3.552644691287694059e+02 2.981713786166772593e+02 2.495474813428822358e+02 2.277678554049895183e+02 2.810144781086921171e+02 1.709198427711590398e+02 1.533389174367091243e+02 1.444664020811009095e+02 1.282776628640303329e+02 0.000000000000000000e+00 6.362413155760678052e+01 8.264685932089723508e+01 8.939630653246084080e+01 8.916057908977862212e+01 9.137610606722118689e+01 1.035902251420298086e+02 8.795413262285202904e+01 1.283507887897710020e+02 1.667181698183014191e+02 1.580007141137165547e+02 1.210144387597220401e+02 1.860928127404767736e+02 1.826678118400288611e+02 2.106050307742816017e+02 2.795941819180934544e+02 2.333760595539849874e+02 2.530181380665737265e+02 2.973851880415397773e+02 3.161383115010784195e+02 3.307364819362392154e+02 3.716722066700316986e+02 5.532046826693109551e+02 6.513166082555903813e+02 6.456837135996557890e+02 7.504239253291294744e+02 8.824719411608099335e+02 1.002249736846375299e+03 1.158677597745041794e+03 1.182781999547623172e+03 1.201616700259144181e+03 1.215338585781145184e+03 1.342575005862463058e+03 1.606876806084515465e+03
9.324433505083319460e+02 8.231405305936506238e+02 6.532558184708373119e+02 5.003612916472568486e+02 4.426362738699102692e+02 4.616730445538465801e+02 4.870871926300161476e+02 4.178582367342421549e+02 4.326795223154913970e+02 4.364065686840031049e+02 4.188305112645425652e+02 3.614173736478049364e+02 3.109335428060516051e+02 2.882387524139957691e+02 3.446381945088118641e+02 2.287909196775154328e+02 2.088600156584597585e+02 1.983591331721475512e+02 1.854111173286756582e+02 6.362413155760678052e+01 0.000000000000000000e+00 5.192716709210676385e+01 1.240463243607928945e+02 1.084078669825853751e+02 1.312098681056866383e+02 8.712506956251779400e+01 2.480770324464927512e+01 7.207311885497574622e+01 1.051599399875237140e+02 1.141627689258538396e+02 9.598022547964158946e+01 1.435810125743955723e+02 1.315426718732434779e+02 1.483404774457850692e+02 2.197792203252693071e+02 1.698577955401453892e+02 1.899840869889951591e+02 2.348855094267410948e+02 2.551894980128853376e+02 2.705060091215651710e+02 3.173394053743510312e+02 4.965587959037784458e+02 5.909280371538420695e+02 5.857813036384275165e+02 6.887678718438819487e+02 8.202653875041178253e+02 9.396067299643896149e+02 1.096457648472210622e+03 1.120789808363401562e+03 1.139447596715151576e+03 1.153224964649719823e+03 1.283185354938289720e+03 1.550063290834541476e+03
9.302902175984607993e+02 8.196836326165032460e+02 6.455289252864404261e+02 4.972726000306440710e+02 4.447697671206939845e+02 4.684476048642511614e+02 4.988911790996606896e+02 4.211281867733831064e+02 4.335889424034820649e+02 4.360516012848955256e+02 4.206739688949238030e+02 3.606822301737788621e+02 3.036136130857906323e+02 2.790775237226121135e+02 3.490259093730180098e+02 2.163684246314323047e+02 1.937349065515129780e+02 1.816161254483735377e+02 1.740357329066522141e+02 8.264685932089723508e+01 5.192716709210676385e+01 0.000000000000000000e+00 9.660739680855417078e+01 7.263069821779382096e+01 1.068339740921964562e+02 3.577269921907917194e+01 6.221244060243253671e+01 1.114325762222088088e+02 1.007517184636554930e+02 7.541755381277100412e+01 4.462107886165544812e+01 1.034883448548618787e+02 1.017947244816544696e+02 1.439954455301361520e+02 2.439019759259879265e+02 1.735681681054508942e+02 2.040306207702835195e+02 2.503820114149567644e+02 2.755861327977676751e+02 2.924528048513006411e+02 3.486805939696663472e+02 5.229182339124930650e+02 6.094325301069706029e+02 6.054783177328604324e+02 7.032836507971861693e+02 8.324515596617619622e+02 9.496903893207046394e+02 1.108101263523476064e+03 1.133252689530852422e+03 1.151231709138658744e+03 1.165201828559367868e+03 1.302493786606034291e+03 1.573921662511652357e+03
8.393890283267284076e+02 7.281454534898126667e+02 5.519418021023089977e+02 4.072248686331753333e+02 3.597590829061105637e+02 3.880097402761746821e+02 4.240902119968338297e+02 3.376153391618062756e+02 3.475481778914564188e+02 3.488174193569761314e+02 3.357187532359917554e+02 2.742446026186814834e+02 2.126073836688458130e+02 1.871806974905159677e+02 2.682847627200566194e+02 1.237072467963920133e+02 9.992442186498236367e+01 8.716747296214239782e+01 8.462481421337170673e+01 8.939630653246084080e+01 1.240463243607928945e+02 9.660739680855417078e+01 0.000000000000000000e+00 2.847788982455681861e+01 1.177891424035248136e+01 8.280757750861234001e+01 1.460090653679179411e+02 1.959034574884103108e+02 1.966507413706685554e+02 1.522376693540585109e+02 1.012953549872313772e+02 1.718345074532618924e+02 1.844592524334218524e+02 2.388582140548671759e+02 3.385419974057343779e+02 2.697344293756651723e+02 3.005292508246320153e+02 3.468536119374268765e+02 3.713813825556332517e+02 3.879220848849872709e+02 4.402091593969118435e+02 6.172913741454163983e+02 7.058740700931024321e+02 7.017656356726311060e+02 7.998695481176606563e+02 9.288208798962496076e+02 1.045675121521589745e+03 1.204328496319512851e+03 1.229597000847160871e+03 1.247473241085468089e+03 1.261470963826939169e+03 1.398949790343950554e+03 1.669498704463811464e+03
8.676676490011732312e+02 7.563598353776267231e+02 5.798066541847135795e+02 4.356314046124297761e+02 3.881709375900165355e+02 4.161139540444165732e+02 4.516023887745859042e+02 3.659343693148423426e+02 3.759968373830216137e+02 3.772920765860842494e+02 3.641204282749054641e+02 3.026881136393207044e+02 2.410184551878716377e+02 2.155366375874992002e+02 2.963035028145122851e+02 1.520633510376676441e+02 1.281638061729046569e+02 1.153080744096128569e+02 1.130308526657842663e+02 8.916057908977862212e+01 1.084078669825853751e+02 7.263069821779382096e+01 2.847788982455681861e+01 0.000000000000000000e+00 4.023970114311428858e+01 5.460820215249820819e+01 1.279138541082664773e+02 1.784983753026982356e+02 1.707565500098529583e+02 1.238261124441300609e+02 7.283798599442965838e+01 1.434506148158832275e+02 1.561394908362118485e+02 2.121950324211288716e+02 3.164481665520169145e+02 2.438557512281671222e+02 2.762356271648692427e+02 3.225988005705697788e+02 3.481855887845806592e+02 3.650822451633084711e+02 4.202984699713375676e+02 5.954670562269405991e+02 6.815912182934980592e+02 6.778099363075785959e+02 7.745179902119825783e+02 9.028699120294498925e+02 1.019243551871251157e+03 1.178144204910694498e+03 1.203575652803170215e+03 1.221303980858633395e+03 1.235337370332888668e+03 1.374581157265239199e+03 1.646514040440960571e+03
8.278126496926934124e+02 7.166119246843062456e+02 5.406220882294683179e+02 3.955600985224091914e+02 3.479804401662311193e+02 3.762963452291777458e+02 4.125664070945294952e+02 3.258493086326966477e+02 3.357710140811183237e+02 3.370527833572775762e+02 3.239407380830591592e+02 2.624666418427757435e+02 2.009453258355819685e+02 1.755692053992915760e+02 2.566019348652512235e+02 1.121085968088860625e+02 8.844072617365914368e+01 7.578259696463770467e+01 7.284813069533238661e+01 9.137610606722118689e+01 1.312098681056866383e+02 1.068339740921964562e+02 1.177891424035248136e+01 4.023970114311428858e+01 0.000000000000000000e+00 9.442420891327671484e+01 1.538810887265902352e+02 2.032695431149742262e+02 2.072605753913863111e+02 1.639303904404025047e+02 1.130254024646864224e+02 1.836128519559622987e+02 1.960948420249446826e+02 2.497430723178331391e+02 3.474850358736082967e+02 2.802762503641076819e+02 3.103998862613963183e+02 3.566773395209263526e+02 3.807522855229555603e+02 3.971357629086695056e+02 4.481802080544870819e+02 6.259864295889437926e+02 7.156055767202009292e+02 7.113556132815518822e+02 8.100606332801945655e+02 9.392724574150151966e+02 1.056341825423268119e+03 1.214875689521809818e+03 1.240068423277629108e+03 1.258012239136104881e+03 1.271993112229527014e+03 1.408668548585833832e+03 1.678594278387090299e+03
9.221948355340439321e+02 8.109292836252470806e+02 6.343921380256401790e+02 4.899766706518352635e+02 4.414256303363503662e+02 4.681232121622567206e+02 5.018470910954260376e+02 4.187650253311928168e+02 4.294939018714898680e+02 4.310670750463421541e+02 4.173327298112776589e+02 3.561858978322118787e+02 2.953659957797385687e+02 2.699825424003274748e+02 3.482058076826132833e+02 2.065118818701527061e+02 1.827069201607730804e+02 1.698883930007575600e+02 1.666321537695686743e+02 1.035902251420298086e+02 8.712506956251779400e+01 3.577269921907917194e+01 8.280757750861234001e+01 5.460820215249820819e+01 9.442420891327671484e+01 0.000000000000000000e+00 9.766963857562627993e+01 1.459248249632680654e+02 1.194569119139000293e+02 6.967442717236660599e+01 1.993002120402613286e+01 9.179192189731810458e+01 1.016721745730063873e+02 1.591818769303887962e+02 2.710043339705628114e+02 1.920013986720993842e+02 2.270059251699140930e+02 2.731718142785812802e+02 3.005065480227289072e+02 3.179526028072884287e+02 3.781929660494566292e+02 5.493522064066390840e+02 6.313762372887521224e+02 6.281017852239356216e+02 7.226798915546972921e+02 8.501865190922119382e+02 9.659493365131370410e+02 1.125123727058190752e+03 1.150751176591384365e+03 1.168296670472198684e+03 1.182371649444324476e+03 1.323948980389162898e+03 1.597861195217852355e+03
9.569817394077180097e+02 8.477733480787209146e+02 6.780528516117173012e+02 5.250332369076403438e+02 4.669700429568403592e+02 4.854702563984080825e+02 5.100615910137746027e+02 4.421026327413362083e+02 4.571240454434409344e+02 4.609426460835256307e+02 4.432066909281090261e+02 3.860214681724423258e+02 3.357408186964096330e+02 3.130198541974371551e+02 3.688448758398811265e+02 2.533950184570096553e+02 2.332320880243256340e+02 2.225510674124211903e+02 2.099998879309038387e+02 8.795413262285202904e+01 2.480770324464927512e+01 6.221244060243253671e+01 1.460090653679179411e+02 1.279138541082664773e+02 1.538810887265902352e+02 9.766963857562627993e+01 0.000000000000000000e+00 5.060484393968160077e+01 8.508308039957228175e+01 1.083911065814343573e+02 1.019215325383687940e+02 1.371799851411804809e+02 1.200056966866878980e+02 1.268398042175983704e+02 1.953399095638344249e+02 1.463350198352929112e+02 1.652547613836566711e+02 2.100830438917378729e+02 2.305012622516252350e+02 2.459375583007232535e+02 2.943062081032091442e+02 4.726926454201886827e+02 5.662634714082198570e+02 5.611920049126504182e+02 6.639709254594979484e+02 7.954595663283680551e+02 9.148307870977105267e+02 1.071652863462684536e+03 1.095982139581616593e+03 1.114641569517085600e+03 1.128417955086060147e+03 1.258639378011886720e+03 1.526003958134203231e+03
9.934990746340999976e+02 8.853312291177301177e+02 7.185254350111654276e+02 5.634591520534389701e+02 5.025912115563876341e+02 5.178366958115835814e+02 5.384901954414161764e+02 4.772070707269998593e+02 4.935898219739482897e+02 4.981503455539992160e+02 4.792065791142671287e+02 4.240999124547309975e+02 3.777702301062575430e+02 3.561178621114295311e+02 4.040280457115648574e+02 2.984720520122243101e+02 2.794884803853224184e+02 2.694369977155367906e+02 2.553177134987780903e+02 1.283507887897710020e+02 7.207311885497574622e+01 1.114325762222088088e+02 1.959034574884103108e+02 1.784983753026982356e+02 2.032695431149742262e+02 1.459248249632680654e+02 5.060484393968160077e+01 0.000000000000000000e+00 8.877543917495781045e+01 1.403101873786515910e+02 1.470514108167737959e+02 1.660551814863251820e+02 1.410070928628261981e+02 1.186238861158958571e+02 1.514936713256861083e+02 1.257051026942578602e+02 1.316104339889012067e+02 1.728658637711403401e+02 1.886992978574338906e+02 2.027270196711741050e+02 2.454638662482944653e+02 4.255792593452949859e+02 5.231502466798165187e+02 5.173864921731861841e+02 6.230750027319472792e+02 7.557778569847838526e+02 8.763348987530057457e+02 1.031899831039189394e+03 1.055676318563119139e+03 1.074750523371540339e+03 1.088388864002800574e+03 1.214226582377897103e+03 1.479299732998634681e+03
1.029908548701711879e+03 9.195991900844422844e+02 7.461133979230787645e+02 5.968957778279527702e+02 5.425096314957438608e+02 5.639249152304006429e+02 5.911617471062461391e+02 5.183217136339588933e+02 5.318097359633699170e+02 5.347465649438099717e+02 5.184937129108755016e+02 4.593630873153165339e+02 4.038693307307453324e+02 3.795598197845460504e+02 4.455193802648061592e+02 3.170496342345855965e+02 2.944864509081675124e+02 2.823494153546975554e+02 2.745018267884421448e+02 1.667181698183014191e+02 1.051599399875237140e+02 1.007517184636554930e+02 1.966507413706685554e+02 1.707565500098529583e+02 2.072605753913863111e+02 1.194569119139000293e+02 8.508308039957228175e+01 8.877543917495781045e+01 0.000000000000000000e+00 7.300613992614934489e+01 1.083012731036266416e+02 8.951435378237434293e+01 5.840757418504337295e+01 4.420858899759338811e+01 1.566176580294022642e+02 7.311940531109821961e+01 1.082695732812887286e+02 1.540781387850041426e+02 1.827297270042954267e+02 2.006342201155040357e+02 2.671201487085498343e+02 4.320876929509669253e+02 5.119193751667349375e+02 5.086844135804479947e+02 6.037988686823580338e+02 7.322202839887596610e+02 8.490814047158136191e+02 1.007677986677286185e+03 1.032974926837431440e+03 1.050823477054354953e+03 1.064824518136418192e+03 1.204550293217375838e+03 1.478618168528314300e+03
9.914038488117698762e+02 8.800076705939903832e+02 7.028094560093200016e+02 5.594549829328043415e+02 5.110605040473233771e+02 5.373703571102331580e+02 5.702022940538511193e+02 4.883090982589101827e+02 4.991605012958840462e+02 5.007389558260501303e+02 4.869625287199577883e+02 4.258551958056603439e+02 3.648392896139268373e+02 3.393583705367116750e+02 4.174760337277988356e+02 2.758874319941299404e+02 2.519430719702407941e+02 2.390334653076445761e+02 2.363012203212297493e+02 1.580007141137165547e+02 1.141627689258538396e+02 7.541755381277100412e+01 1.522376693540585109e+02 1.238261124441300609e+02 1.639303904404025047e+02 6.967442717236660599e+01 1.083911065814343573e+02 1.403101873786515910e+02 7.300613992614934489e+01 0.000000000000000000e+00 5.107265963631621730e+01 2.942153286429969228e+01 3.276330077417385667e+01 1.012473051718737622e+02 2.288523567287443825e+02 1.366859460185143860e+02 1.777269352213924947e+02 2.218835110116185092e+02 2.525936697572610115e+02 2.708339809776700235e+02 3.397701032320594550e+02 5.013585193570938827e+02 5.749228132699363414e+02 5.726992887658002473e+02 6.625295198771294736e+02 7.879404723424073609e+02 9.021392072661410566e+02 1.061885781980315869e+03 1.087955139706206410e+03 1.105068225871217010e+03 1.119233612536481814e+03 1.265615289865837894e+03 1.543031261360567214e+03
